a = c(65, 78, 88, 55, 48, 95, 66, 57, 79, 81)

mu <- 75

t.test (a, mu=75)